0.0
0.04
0.08
0.12
0.16
0.2
0.24
0.27999999999999997
0.32
0.36000000000000004
0.4
0.44
0.48
0.52
0.5599999999999999
0.6
0.64
0.68
0.7200000000000001
0.76
0.8
0.84
0.88
0.92
0.96
1.0
1.04
1.08
1.1199999999999999
1.16
1.2
1.24
1.28
1.32
1.36
1.4000000000000001
1.4400000000000002
1.48
1.52
1.56
1.6
1.6400000000000001
1.68
1.7200000000000002
1.76
1.8
1.84
1.8800000000000001
1.92
1.96
2.0
2.04
2.08
2.12
2.16
2.2
2.2399999999999998
2.2800000000000002
2.32
2.3600000000000003
2.4
2.44
2.48
2.52
2.56
2.6
2.64
2.6799999999999997
2.72
2.76
2.8000000000000003
2.84
2.8800000000000003
2.92
2.96
3.0
3.04
3.08
3.12
3.16
3.2
3.2399999999999998
3.2800000000000002
3.32
3.36
3.4000000000000004
3.4400000000000004
3.48
3.52
3.5599999999999996
3.6
3.64
3.68
3.7199999999999998
3.7600000000000002
3.8000000000000003
3.84
3.88
3.92
3.9600000000000004
4.0
4.04
4.08
4.12
4.16
4.2
4.24
4.279999999999999
4.32
4.36
4.4
4.4399999999999995
4.4799999999999995
4.5200000000000005
4.5600000000000005
4.6
4.64
4.680000000000001
4.720000000000001
4.76
4.8
4.84
4.88
4.92
4.96
5.0
5.04
5.08
5.12
5.16
5.2
5.24
5.28
5.32
5.359999999999999
5.4
5.44
5.48
5.52
5.56
5.6000000000000005
5.640000000000001
5.68
5.72
5.760000000000001
5.800000000000001
5.84
5.88
5.92
5.96
6.0
6.04
6.08
6.12
6.16
6.2
6.24
6.28
6.32
6.36
6.4
6.4399999999999995
6.4799999999999995
6.5200000000000005
6.5600000000000005
6.6
6.64
6.680000000000001
6.72
6.76
6.800000000000001
6.84
6.880000000000001
6.919999999999999
6.96
7.000000000000001
7.04
7.08
7.119999999999999
7.16
7.2
7.239999999999999
7.28
7.320000000000001
7.36
7.4
7.4399999999999995
7.48
7.5200000000000005
7.56
7.6000000000000005
7.64
7.68
7.720000000000001
7.76
7.800000000000001
7.84
7.88
7.920000000000001
7.96
8.0
8.04
8.08
8.120000000000001
8.16
8.200000000000001
8.24
8.28
8.32
8.36
8.4
8.440000000000001
8.48
8.52
8.559999999999999
8.6
8.64
8.68
8.72
8.76
8.8
8.84
8.879999999999999
8.92
8.959999999999999
9.0
9.040000000000001
9.08
9.120000000000001
9.16
9.2
9.24
9.28
9.32
9.360000000000001
9.4
9.440000000000001
9.479999999999999
9.52
9.56
9.6
9.64
9.68
9.72
9.76
9.799999999999999
9.84
9.88
9.92
9.96
10.0
10.040000000000001
10.08
10.12
10.16
10.2
10.24
10.280000000000001
10.32
10.360000000000001
10.4
10.44
10.48
10.52
10.56
10.6
10.64
10.68
10.719999999999999
10.76
10.8
10.84
10.88
10.92
10.96
11.0
11.04
11.08
11.12
11.16
11.200000000000001
11.24
11.280000000000001
11.32
11.36
11.4
11.44
11.48
11.520000000000001
11.56
11.600000000000001
11.639999999999999
11.68
11.72
11.76
11.8
11.84
11.88
11.92
11.959999999999999
12.0
12.04
12.08
12.120000000000001
12.16
12.200000000000001
12.24
12.28
12.32
12.36
12.4
12.440000000000001
12.48
12.520000000000001
12.56
12.6
12.64
12.68
12.72
12.76
12.8
12.84
12.879999999999999
12.92
12.959999999999999
13.0
13.040000000000001
13.08
13.120000000000001
13.16
13.2
13.24
13.28
13.32
13.360000000000001
13.400000000000002
13.44
13.48
13.52
13.56
13.600000000000001
13.639999999999999
13.68
13.72
13.760000000000002
13.8
13.839999999999998
13.879999999999999
13.92
13.96
14.000000000000002
14.04
14.08
14.12
14.16
14.200000000000001
14.239999999999998
14.28
14.32
14.360000000000001
14.4
14.44
14.479999999999999
14.52
14.56
14.600000000000001
14.640000000000002
14.68
14.72
14.76
14.8
14.840000000000002
14.879999999999999
14.92
14.96
15.000000000000002
15.040000000000001
15.079999999999998
15.12
15.16
15.200000000000001
15.240000000000002
15.28
15.32
15.36
15.4
15.440000000000001
15.479999999999999
15.52
15.56
15.600000000000001
15.64
15.68
15.719999999999999
15.76
15.8
15.840000000000002
15.879999999999999
15.92
15.96
16.0
16.040000000000003
16.08
16.12
16.16
16.2
16.240000000000002
16.28
16.32
16.36
16.400000000000002
16.44
16.48
16.52
16.56
16.6
16.64
16.680000000000003
16.72
16.759999999999998
16.8
16.84
16.880000000000003
16.919999999999998
16.96
17.0
17.04
17.080000000000002
17.119999999999997
17.16
17.2
17.240000000000002
17.28
17.32
17.36
17.4
17.44
17.48
17.52
17.56
17.6
17.64
17.68
17.72
17.759999999999998
17.8
17.84
17.880000000000003
17.919999999999998
17.96
18.0
18.04
18.080000000000002
18.12
18.16
18.2
18.240000000000002
18.28
18.32
18.36
18.4
18.44
18.48
18.520000000000003
18.56
18.6
18.64
18.68
18.720000000000002
18.759999999999998
18.8
18.84
18.880000000000003
18.92
18.959999999999997
19.0
19.04
19.080000000000002
19.12
19.16
19.2
19.24
19.28
19.32
19.36
19.4
19.44
19.48
19.52
19.56
19.599999999999998
19.64
19.68
19.720000000000002
19.76
19.8
19.84
19.88
19.92
19.96
20.0
20.04
20.080000000000002
20.12
20.16
20.2
20.24
20.28
20.32
20.360000000000003
20.4
20.44
20.48
20.52
20.560000000000002
20.599999999999998
20.64
20.68
20.720000000000002
20.76
20.8
20.84
20.88
20.92
20.96
21.0
21.04
21.08
21.12
21.16
21.2
21.24
21.28
21.32
21.36
21.400000000000002
21.439999999999998
21.48
21.52
21.560000000000002
21.6
21.64
21.68
21.72
21.76
21.8
21.84
21.88
21.92
21.96
22.0
22.04
22.08
22.12
22.16
22.200000000000003
22.24
22.28
22.32
22.36
22.400000000000002
22.439999999999998
22.48
22.52
22.560000000000002
22.6
22.64
22.68
22.72
22.76
22.8
22.84
22.88
22.92
22.96
23.0
23.040000000000003
23.08
23.12
23.16
23.200000000000003
23.240000000000002
23.279999999999998
23.32
23.36
23.400000000000002
23.44
23.48
23.52
23.56
23.6
23.64
23.68
23.72
23.76
23.8
23.84
23.88
23.919999999999998
23.96
24.0
24.040000000000003
24.08
24.12
24.16
24.2
24.240000000000002
24.279999999999998
24.32
24.36
24.400000000000002
24.44
24.48
24.52
24.56
24.6
24.64
24.68
24.72
24.76
24.8
24.84
24.880000000000003
24.919999999999998
24.96
25.0
25.040000000000003
25.080000000000002
25.12
25.16
25.2
25.240000000000002
25.28
25.32
25.36
25.400000000000002
25.44
25.48
25.52
25.56
25.6
25.64
25.68
25.72
25.759999999999998
25.8
25.84
25.880000000000003
25.919999999999998
25.96
26.0
26.04
26.080000000000002
26.119999999999997
26.16
26.2
26.240000000000002
26.28
26.32
26.36
26.4
26.44
26.48
26.520000000000003
26.56
26.6
26.64
26.68
26.720000000000002
26.759999999999998
26.800000000000004
26.84
26.88
26.92
26.96
27.000000000000004
27.04
27.08
27.12
27.16
27.200000000000003
27.240000000000002
27.279999999999998
27.32
27.36
27.400000000000002
27.44
27.479999999999997
27.520000000000003
27.56
27.6
27.64
27.679999999999996
27.720000000000002
27.759999999999998
27.800000000000004
27.84
27.88
27.92
27.959999999999997
28.000000000000004
28.04
28.08
28.12
28.16
28.200000000000003
28.24
28.279999999999998
28.32
28.36
28.400000000000002
28.44
28.479999999999997
28.52
28.56
28.6
28.64
28.679999999999996
28.720000000000002
28.759999999999998
28.8
28.84
28.88
28.92
28.959999999999997
29.000000000000004
29.04
29.080000000000002
29.12
29.16
29.200000000000003
29.24
29.280000000000005
29.32
29.36
29.400000000000002
29.44
29.480000000000004
29.52
29.56
29.6
29.64
29.680000000000003
29.720000000000002
29.759999999999998
29.8
29.84
29.880000000000003
29.92
29.959999999999997
30.000000000000004
30.04
30.080000000000002
30.12
30.159999999999997
30.200000000000003
30.24
30.28
30.32
30.36
30.400000000000002
30.439999999999998
30.480000000000004
30.52
30.56
30.6
30.64
30.680000000000003
30.72
30.759999999999998
30.8
30.84
30.880000000000003
30.92
30.959999999999997
31.0
31.04
31.080000000000002
31.12
31.159999999999997
31.200000000000003
31.24
31.28
31.32
31.36
31.400000000000002
31.439999999999998
31.480000000000004
31.52
31.56
31.6
31.64
31.680000000000003
31.72
31.759999999999998
31.8
31.84
31.880000000000003
31.92
31.959999999999997
32.0
32.04
32.080000000000005
32.12
32.16
32.2
32.24
32.28
32.32
32.36
32.4
32.44
32.480000000000004
32.52
32.56
32.6
32.64
32.68
32.72
32.760000000000005
32.800000000000004
32.839999999999996
32.88
32.92
32.96
33.0
33.04
33.080000000000005
33.12
33.160000000000004
33.2
33.239999999999995
33.28
33.32
33.36000000000001
33.4
33.44
33.480000000000004
33.519999999999996
33.56
33.6
33.64
33.68
33.72
33.760000000000005
33.8
33.839999999999996
33.88
33.92
33.96
34.0
34.04
34.08
34.12
34.160000000000004
34.2
34.239999999999995
34.28
34.32
34.36
34.4
34.44
34.480000000000004
34.519999999999996
34.56
34.6
34.64
34.68
34.72
34.760000000000005
34.8
34.839999999999996
34.88
34.92
34.96
35.0
35.04
35.08
35.12
35.160000000000004
35.2
35.239999999999995
35.28
35.32
35.36
35.4
35.44
35.480000000000004
35.519999999999996
35.56
35.6
35.64
35.68
35.72
35.760000000000005
35.8
35.839999999999996
35.88
35.92
35.96
36.0
36.040000000000006
36.08
36.12
36.160000000000004
36.2
36.24
36.28
36.32
36.36
36.4
36.440000000000005
36.480000000000004
36.519999999999996
36.56
36.6
36.64
36.68
36.72
36.760000000000005
36.8
36.84
36.88
36.92
36.96
37.0
37.040000000000006
37.08
37.12
37.160000000000004
37.2
37.24
37.28
37.32
37.36
37.4
37.440000000000005
37.480000000000004
37.519999999999996
37.56
37.6
37.64
37.68
37.72
37.760000000000005
37.8
37.84
37.88
37.919999999999995
37.96
38.0
38.04
38.08
38.12
38.160000000000004
38.199999999999996
38.24
38.28
38.32
38.36
38.4
38.440000000000005
38.48
38.519999999999996
38.56
38.6
38.64
38.68
38.72
38.76
38.8
38.84
38.88
38.919999999999995
38.96
39.0
39.04
39.08
39.12
39.160000000000004
39.199999999999996
39.24
39.28
39.32
39.36
39.4
39.440000000000005
39.48
39.52
39.56
39.6
39.64
39.68
39.720000000000006
39.76
39.8
39.84
39.88
39.92
39.96
